# 相关论文 ArXiv ID 列表
# citation: 从Citations API获取的ArXiv ID（待获取，这些论文引用了主论文）
# reference: 从References API获取的ArXiv ID（待获取，主论文引用了这些论文）
# extracted from citation: 已提取的citation ArXiv ID
# extracted from reference: 已提取的reference ArXiv ID

[citation]
2408.14600
1411.4413
2307.12138
1805.00721
2302.02125
2604.05701
2503.18294
2110.09958
2603.06888
2006.06026
2008.02531
2303.14295
2212.06370
2306.11113
2301.04999
2011.11583
2007.03262
2301.02033
2105.04132
1606.07122
2110.13179
2302.06370
1311.5108
2103.13615
2209.13899
2210.11745
1902.04996
2009.00210
1606.00472
2506.15043
2212.04974
1303.0095
2203.08975
2406.19055
2403.18337
2410.11674
1811.00620
2203.08147
1906.02365
2306.14753
1911.05326
2105.03827
2008.00506
1910.02952
2305.07244
2110.01831
1909.06415
2208.04360
1609.04846
1810.12836
2305.01463
2502.07070
2511.21975
2306.04338
2508.13000
1809.06357
2108.07035
2511.05964
2004.04668
2001.10338
2603.12895
2303.15576
2407.19491
2408.08070
2512.15091
2112.09177
2203.14669
2403.06024
2204.12077
2307.16676
1703.02182
2506.08062
2505.14841

[reference]
1705.04304
1705.03122
1703.03906
1703.03130
1703.10722
1702.00887
1701.06538
1610.10099
1610.08613
1610.02357
1609.08144
1608.05859
1607.06450
1606.04199
1602.02410
1602.07776
1601.06733
1512.03385
1512.00567
1511.08228
1511.06114
1508.07909
1508.04025
1804.07581
1412.7449
1412.6980
1412.3555
1409.3215
1409.0473
1406.1078
1612.00567
2603.29727
2312.15561
2005.13455
1007.3122
1411.4413
1805.08315
1308.0850

[extracted from citation]

[extracted from reference]
